option optcr   = 0.00001;
Set
i /1*13/
alias (i,j);
Variable z;
Positive Variable w(i,j);
Table
c(i,j)
    1       2       3       4       5       6       7       8       9       10      11      12      13
1   99.0    2.6     1.7     1.6     7.2     7.5     8.1     8.6     9.6     8.7     8.5     10.4    12.1
2   2.6     99.0    1.2     2.4     7.0     6.8     6.9     8.5     7.3     6.9     7.0     10.3    12.1
3   1.7     1.2     99.0    1.1     6.3     6.3     6.7     7.8     7.9     7.1     6.9     9.6     11.3
4   1.6     2.4     1.1     99.0    5.7     6.0     6.5     7.1     8.5     7.3     7.0     8.9     10.6
5   7.2     7.0     6.3     5.7     99.0    1.4     2.7     1.5     8.0     5.0     4.0     3.3     5.1
6   7.5     6.8     6.3     6.0     1.4     99.0    1.3     2.4     6.6     3.6     2.6     4.0     5.7
7   8.1     6.9     6.7     6.5     2.7     1.3     00.0    3.6     5.4     2.4     1.2     4.8     6.5
8   8.6     8.5     7.8     7.1     1.5     2.4     3.6     99.0    9.0     5.9     4.8     1.8     3.6
9   9.6     7.3     7.9     8.5     8.0     6.6     5.4     9.0     99.0    3.1     4.3     10.2    11.7
10  8.7     6.9     7.1     7.3     5.0     3.6     2.4     5.9     3.1     99.0    1.2     7.1     8.6
11  8.5     7.0     6.9     7.0     4.0     2.6     1.2     4.8     4.3     1.2     99.0    5.9     7.5
12  10.4    10.3    9.6     8.9     3.3     4.0     4.8     1.8     10.2    7.1     5.9     99.0    1.8
13  12.1    12.1    11.3    10.6    5.1     5.7     6.5     3.6     11.7    8.6     7.5     1.8     99.0
;


Parameter
o(i) /
1   0
2   0
3   0
4   0
5   0
6   0
7   70
8   0
9   0
10  0
11  0
12  0
13  0
 /
b(j) /
1   5
2   8
3   8 
4   7
5   5
6   6
7   7
8   4
9   1
10  5
11  5
12  5
13  4
 / ;
Equations
obj,r1,r2;
obj.. z =E= sum((i,j),(2*c(i,j)*w(i,j)+w(i,j)*30));
r1(i).. sum(j,w(i,j))=L=o(i);
r2(j).. sum(i,w(i,j))=G=b(j);
model Entire_hectares_allocation /all/;
solve Entire_hectares_allocation using MIP min z;