{"nbformat":4,"nbformat_minor":0,"metadata":{"colab":{"provenance":[]},"kernelspec":{"name":"python3","display_name":"Python 3"},"language_info":{"name":"python"}},"cells":[{"cell_type":"code","source":["pip install ortools"],"metadata":{"colab":{"base_uri":"https://localhost:8080/"},"id":"o_RSE2v5P9s3","executionInfo":{"status":"ok","timestamp":1726204768481,"user_tz":360,"elapsed":23518,"user":{"displayName":"Asgard Andrés Mendoza Flores","userId":"03117066086340907367"}},"outputId":"c8ab7278-da83-4c95-d991-8025b5a86e77"},"execution_count":1,"outputs":[{"output_type":"stream","name":"stdout","text":["Collecting ortools\n","  Downloading ortools-9.10.4067-cp310-cp310-manylinux_2_17_x86_64.manylinux2014_x86_64.whl.metadata (2.9 kB)\n","Collecting absl-py>=2.0.0 (from ortools)\n","  Downloading absl_py-2.1.0-py3-none-any.whl.metadata (2.3 kB)\n","Requirement already satisfied: numpy>=1.13.3 in /usr/local/lib/python3.10/dist-packages (from ortools) (1.26.4)\n","Requirement already satisfied: pandas>=2.0.0 in /usr/local/lib/python3.10/dist-packages (from ortools) (2.1.4)\n","Collecting protobuf>=5.26.1 (from ortools)\n","  Downloading protobuf-5.28.1-cp38-abi3-manylinux2014_x86_64.whl.metadata (592 bytes)\n","Requirement already satisfied: immutabledict>=3.0.0 in /usr/local/lib/python3.10/dist-packages (from ortools) (4.2.0)\n","Requirement already satisfied: python-dateutil>=2.8.2 in /usr/local/lib/python3.10/dist-packages (from pandas>=2.0.0->ortools) (2.8.2)\n","Requirement already satisfied: pytz>=2020.1 in /usr/local/lib/python3.10/dist-packages (from pandas>=2.0.0->ortools) (2024.1)\n","Requirement already satisfied: tzdata>=2022.1 in /usr/local/lib/python3.10/dist-packages (from pandas>=2.0.0->ortools) (2024.1)\n","Requirement already satisfied: six>=1.5 in /usr/local/lib/python3.10/dist-packages (from python-dateutil>=2.8.2->pandas>=2.0.0->ortools) (1.16.0)\n","Downloading ortools-9.10.4067-cp310-cp310-manylinux_2_17_x86_64.manylinux2014_x86_64.whl (26.7 MB)\n","\u001b[2K   \u001b[90m━━━━━━━━━━━━━━━━━━━━━━━━━━━━━━━━━━━━━━━━\u001b[0m \u001b[32m26.7/26.7 MB\u001b[0m \u001b[31m32.9 MB/s\u001b[0m eta \u001b[36m0:00:00\u001b[0m\n","\u001b[?25hDownloading absl_py-2.1.0-py3-none-any.whl (133 kB)\n","\u001b[2K   \u001b[90m━━━━━━━━━━━━━━━━━━━━━━━━━━━━━━━━━━━━━━━━\u001b[0m \u001b[32m133.7/133.7 kB\u001b[0m \u001b[31m10.0 MB/s\u001b[0m eta \u001b[36m0:00:00\u001b[0m\n","\u001b[?25hDownloading protobuf-5.28.1-cp38-abi3-manylinux2014_x86_64.whl (316 kB)\n","\u001b[2K   \u001b[90m━━━━━━━━━━━━━━━━━━━━━━━━━━━━━━━━━━━━━━━━\u001b[0m \u001b[32m316.6/316.6 kB\u001b[0m \u001b[31m16.2 MB/s\u001b[0m eta \u001b[36m0:00:00\u001b[0m\n","\u001b[?25hInstalling collected packages: protobuf, absl-py, ortools\n","  Attempting uninstall: protobuf\n","    Found existing installation: protobuf 3.20.3\n","    Uninstalling protobuf-3.20.3:\n","      Successfully uninstalled protobuf-3.20.3\n","  Attempting uninstall: absl-py\n","    Found existing installation: absl-py 1.4.0\n","    Uninstalling absl-py-1.4.0:\n","      Successfully uninstalled absl-py-1.4.0\n","\u001b[31mERROR: pip's dependency resolver does not currently take into account all the packages that are installed. This behaviour is the source of the following dependency conflicts.\n","cudf-cu12 24.4.1 requires protobuf<5,>=3.20, but you have protobuf 5.28.1 which is incompatible.\n","google-ai-generativelanguage 0.6.6 requires protobuf!=3.20.0,!=3.20.1,!=4.21.0,!=4.21.1,!=4.21.2,!=4.21.3,!=4.21.4,!=4.21.5,<5.0.0dev,>=3.19.5, but you have protobuf 5.28.1 which is incompatible.\n","google-cloud-datastore 2.19.0 requires protobuf!=3.20.0,!=3.20.1,!=4.21.0,!=4.21.1,!=4.21.2,!=4.21.3,!=4.21.4,!=4.21.5,<5.0.0dev,>=3.19.5, but you have protobuf 5.28.1 which is incompatible.\n","google-cloud-firestore 2.16.1 requires protobuf!=3.20.0,!=3.20.1,!=4.21.0,!=4.21.1,!=4.21.2,!=4.21.3,!=4.21.4,!=4.21.5,<5.0.0dev,>=3.19.5, but you have protobuf 5.28.1 which is incompatible.\n","tensorboard 2.17.0 requires protobuf!=4.24.0,<5.0.0,>=3.19.6, but you have protobuf 5.28.1 which is incompatible.\n","tensorflow 2.17.0 requires protobuf!=4.21.0,!=4.21.1,!=4.21.2,!=4.21.3,!=4.21.4,!=4.21.5,<5.0.0dev,>=3.20.3, but you have protobuf 5.28.1 which is incompatible.\n","tensorflow-metadata 1.15.0 requires protobuf<4.21,>=3.20.3; python_version < \"3.11\", but you have protobuf 5.28.1 which is incompatible.\u001b[0m\u001b[31m\n","\u001b[0mSuccessfully installed absl-py-2.1.0 ortools-9.10.4067 protobuf-5.28.1\n"]}]},{"cell_type":"markdown","source":["#Original case (11 nodes)"],"metadata":{"id":"imtLjMBaUlmj"}},{"cell_type":"code","source":["\"\"\"Capacited Vehicles Routing Problem (CVRP).\"\"\"\n","import psutil\n","from ortools.constraint_solver import routing_enums_pb2\n","from ortools.constraint_solver import pywrapcp\n","\n","print('RAM usage:', psutil.Process().memory_info().rss / 1024 ** 2, 'MB')\n","\n","\n","def create_data_model():\n","    \"\"\"Stores the data for the problem.\"\"\"\n","    data = {}\n","    data[\"distance_matrix\"] = [\n","        # fmt: off\n","      [0,808,654,275,134,357,545,236,123,484,645],\n","      [808,0,156,724,752,860,960,870,849,1036,1207],\n","      [654,156,0,571,596,710,854,731,701,889,1063],\n","      [275,724,571,0,141,151,796,503,396,331,511],\n","      [134,752,596,141,0,242,663,364,255,396,570],\n","      [357,860,710,151,242,0,900,593,478,181,360],\n","      [545,960,854,796,663,900,0,313,429,1023,1171],\n","      [236,870,731,503,364,593,313,0,116,710,859],\n","      [123,849,701,396,255,478,429,116,0,595,746],\n","      [484,1036,889,331,396,181,1023,710,595,0,179],\n","      [645,1207,1063,511,570,360,1171,859,746,179,0],\n","        # fmt: on\n","    ]\n","    data[\"demands\"] = [0,40,56,64,11,92,38,53,64,5,75]\n","    data[\"vehicle_capacities\"] = [100,100,100,100,100,100]\n","    data[\"num_vehicles\"] = 6\n","    data[\"depot\"] = 0\n","    return data\n","\n","\n","def print_solution(data, manager, routing, solution):\n","    \"\"\"Prints solution on console.\"\"\"\n","    print(f\"SOLUTION FOUND...\\n\\n\\n\")\n","    total_distance = 0\n","    total_load = 0\n","    for vehicle_id in range(data[\"num_vehicles\"]):\n","        index = routing.Start(vehicle_id)\n","        plan_output = f\"Route for vehicle {vehicle_id}:\\n\"\n","        route_distance = 0\n","        route_load = 0\n","        while not routing.IsEnd(index):\n","            node_index = manager.IndexToNode(index)\n","            route_load += data[\"demands\"][node_index]\n","            plan_output += f\" {node_index} Remaining({route_load}) -> \"\n","            previous_index = index\n","            index = solution.Value(routing.NextVar(index))\n","            route_distance += routing.GetArcCostForVehicle(\n","                previous_index, index, vehicle_id\n","            )\n","        plan_output += f\" {manager.IndexToNode(index)} Remaining({route_load})\\n\"\n","        plan_output += f\"Time of the route: {route_distance/100} minutes\\n\"\n","        plan_output += f\"Load of the route: {route_load/100}\\n\"\n","        print(plan_output)\n","        total_distance += route_distance\n","        total_load += route_load\n","    print(f\"Objective: {solution.ObjectiveValue()/100+total_load/100*30} minutes in total.\")\n","    print(f\"Total time of all routes: {total_distance/100} minutes\")\n","    print(f\"Total load of all routes: {total_load/100}\")\n","    print(f\"Total time spent loading and unloading: {total_load/100*30} minutes\")\n","\n","\n","\n","def main():\n","    \"\"\"Solve the CVRP problem.\"\"\"\n","    # Instantiate the data problem.\n","    data = create_data_model()\n","\n","    # Create the routing index manager.\n","    manager = pywrapcp.RoutingIndexManager(\n","        len(data[\"distance_matrix\"]), data[\"num_vehicles\"], data[\"depot\"]\n","    )\n","\n","    # Create Routing Model.\n","    routing = pywrapcp.RoutingModel(manager)\n","\n","    # Create and register a transit callback.\n","    def distance_callback(from_index, to_index):\n","        \"\"\"Returns the distance between the two nodes.\"\"\"\n","        # Convert from routing variable Index to distance matrix NodeIndex.\n","        from_node = manager.IndexToNode(from_index)\n","        to_node = manager.IndexToNode(to_index)\n","        return data[\"distance_matrix\"][from_node][to_node]\n","\n","    transit_callback_index = routing.RegisterTransitCallback(distance_callback)\n","\n","    # Define cost of each arc.\n","    routing.SetArcCostEvaluatorOfAllVehicles(transit_callback_index)\n","\n","    # Add Capacity constraint.\n","    def demand_callback(from_index):\n","        \"\"\"Returns the demand of the node.\"\"\"\n","        # Convert from routing variable Index to demands NodeIndex.\n","        from_node = manager.IndexToNode(from_index)\n","        return data[\"demands\"][from_node]\n","\n","    demand_callback_index = routing.RegisterUnaryTransitCallback(demand_callback)\n","    routing.AddDimensionWithVehicleCapacity(\n","        demand_callback_index,\n","        0,  # null capacity slack\n","        data[\"vehicle_capacities\"],  # vehicle maximum capacities\n","        True,  # start cumul to zero\n","        \"Capacity\",\n","    )\n","\n","    # Setting first solution heuristic.\n","    search_parameters = pywrapcp.DefaultRoutingSearchParameters()\n","    search_parameters.first_solution_strategy = (\n","        routing_enums_pb2.FirstSolutionStrategy.PATH_CHEAPEST_ARC\n","    )\n","    search_parameters.local_search_metaheuristic = (\n","        routing_enums_pb2.LocalSearchMetaheuristic.GUIDED_LOCAL_SEARCH\n","    )\n","    #Se utiliza en primera instancia una heurística , que comienza por un nodo inicial que por consiguiente busca otro nodo , haciendo una ruta de la manera más económica o más barata, y luego\n","    #extiende a otro nodo , extendiendo la ruta con la misma lógica\n","    #Asi mismo se utiliza una metaheurística para mejorar la solución inicial , usamos guided local search es un proceso iterativo que busca mejores soluciones  a  la inicial y se continua el proceso hasta no mejorar la situación actual\n","    #Es parecio a que local search  a diferencia es que en guided local search para poder salir de óptimos locales , se agregan penalizaciones, lo que lo hace más efectivo.\n","    search_parameters.time_limit.FromSeconds(1)\n","\n","    # Solve the problem.\n","    solution = routing.SolveWithParameters(search_parameters)\n","\n","    # Print solution on console.\n","    if solution:\n","        print_solution(data, manager, routing, solution)\n","\n","\n","if __name__ == \"__main__\":\n","    main()"],"metadata":{"colab":{"base_uri":"https://localhost:8080/"},"id":"URQxlqEOUiX_","executionInfo":{"status":"ok","timestamp":1726204806841,"user_tz":360,"elapsed":1213,"user":{"displayName":"Asgard Andrés Mendoza Flores","userId":"03117066086340907367"}},"outputId":"1d32bc00-301f-4988-8ba9-289dbd378000"},"execution_count":3,"outputs":[{"output_type":"stream","name":"stdout","text":["RAM usage: 123.8515625 MB\n","SOLUTION FOUND...\n","\n","\n","\n","Route for vehicle 0:\n"," 0 Remaining(0) ->  2 Remaining(56) ->  1 Remaining(96) ->  0 Remaining(96)\n","Time of the route: 16.18 minutes\n","Load of the route: 0.96\n","\n","Route for vehicle 1:\n"," 0 Remaining(0) ->  9 Remaining(5) ->  10 Remaining(80) ->  0 Remaining(80)\n","Time of the route: 13.08 minutes\n","Load of the route: 0.8\n","\n","Route for vehicle 2:\n"," 0 Remaining(0) ->  5 Remaining(92) ->  0 Remaining(92)\n","Time of the route: 7.14 minutes\n","Load of the route: 0.92\n","\n","Route for vehicle 3:\n"," 0 Remaining(0) ->  4 Remaining(11) ->  3 Remaining(75) ->  0 Remaining(75)\n","Time of the route: 5.5 minutes\n","Load of the route: 0.75\n","\n","Route for vehicle 4:\n"," 0 Remaining(0) ->  7 Remaining(53) ->  6 Remaining(91) ->  0 Remaining(91)\n","Time of the route: 10.94 minutes\n","Load of the route: 0.91\n","\n","Route for vehicle 5:\n"," 0 Remaining(0) ->  8 Remaining(64) ->  0 Remaining(64)\n","Time of the route: 2.46 minutes\n","Load of the route: 0.64\n","\n","Objective: 204.7 minutes in total.\n","Total time of all routes: 55.3 minutes\n","Total load of all routes: 4.98\n","Total time spent loading and unloading: 149.4 minutes\n"]}]},{"cell_type":"markdown","source":["#Medium size case (16 nodes)"],"metadata":{"id":"oPEMOPnPUr-4"}},{"cell_type":"code","execution_count":3,"metadata":{"colab":{"base_uri":"https://localhost:8080/"},"id":"HNS99jGVPr-9","executionInfo":{"status":"ok","timestamp":1726205069166,"user_tz":360,"elapsed":1175,"user":{"displayName":"Asgard Andrés Mendoza Flores","userId":"03117066086340907367"}},"outputId":"5159ba79-0d03-43a9-d391-67e7a3cec4d9"},"outputs":[{"output_type":"stream","name":"stdout","text":["RAM usage: 117.12109375 MB\n","Solution time: 10032 minutes.\n","Route for vehicle 0:\n"," 0 Remaining(0) ->  12 Remaining(2) ->  11 Remaining(3) ->  7 Remaining(11) ->  4 Remaining(15) ->  0 Remaining(15)\n","Time of the route: 29.24 minutes\n","Load of the route: 0.15\n","\n","Route for vehicle 1:\n"," 0 Remaining(0) ->  15 Remaining(8) ->  0 Remaining(8)\n","Time of the route: 9.44 minutes\n","Load of the route: 0.08\n","\n","Route for vehicle 2:\n"," 0 Remaining(0) ->  1 Remaining(1) ->  8 Remaining(9) ->  10 Remaining(11) ->  13 Remaining(15) ->  0 Remaining(15)\n","Time of the route: 30.07 minutes\n","Load of the route: 0.15\n","\n","Route for vehicle 3:\n"," 0 Remaining(0) ->  6 Remaining(4) ->  5 Remaining(6) ->  14 Remaining(10) ->  9 Remaining(11) ->  2 Remaining(12) ->  3 Remaining(14) ->  0 Remaining(14)\n","Time of the route: 31.57 minutes\n","Load of the route: 0.14\n","\n","CPU times: user 996 ms, sys: 2.96 ms, total: 999 ms\n","Wall time: 1.01 s\n"]}],"source":["%%time\n","import psutil\n","# Your code here\n","print('RAM usage:', psutil.Process().memory_info().rss / 1024 ** 2, 'MB')\n","\"\"\"Capacited Vehicles Routing Problem (CVRP).\"\"\"\n","\n","\"\"\"Capacited Vehicles Routing Problem (CVRP).\"\"\"\n","\n","from ortools.constraint_solver import routing_enums_pb2\n","from ortools.constraint_solver import pywrapcp\n","\n","\n","def create_data_model():\n","    \"\"\"Stores the data for the problem.\"\"\"\n","    data = {}\n","    data[\"distance_matrix\"] = [\n","        # fmt: off\n","       [0,592,759,409,677,999,470,872,796,714,886,951,487,574,937,472],\n","       [592,0,848,499,577,547,823,688,665,944,943,644,551,910,859,583],\n","       [759,848,0,453,950,888,673,735,788,442,842,943,657,721,457,691],\n","       [409,499,453,0,798,965,484,603,724,447,531,580,543,627,773,960],\n","       [677,577,950,798,0,597,656,692,787,954,768,601,783,912,770,955],\n","       [999,547,888,965,597,0,523,994,548,609,962,811,441,458,436,486],\n","       [470,823,673,484,656,523,0,675,574,954,771,584,844,888,989,686],\n","       [872,688,735,603,692,994,675,0,810,850,648,580,723,660,539,998],\n","       [796,665,788,724,787,548,574,810,0,995,628,907,521,726,869,687],\n","       [714,944,442,447,954,609,954,850,995,0,749,529,616,781,424,467],\n","       [886,943,842,531,768,962,771,648,628,749,0,707,574,548,941,979],\n","       [951,644,943,580,601,811,584,580,907,529,707,0,488,433,632,436],\n","       [487,551,657,543,783,441,844,723,521,616,574,488,0,747,568,576],\n","       [574,910,721,627,912,458,888,660,726,781,548,433,747,0,956,722],\n","       [937,859,457,773,770,436,989,539,869,424,941,632,568,956,0,729],\n","       [472,583,691,960,955,486,686,998,687,467,979,436,576,722,729,0],\n","        # fmt: on\n","    ]\n","    data[\"demands\"] = [0, 1, 1, 2, 4, 2, 4, 8, 8, 1, 2, 1, 2, 4, 4, 8]\n","    data[\"vehicle_capacities\"] = [15, 15, 15, 15]\n","    data[\"num_vehicles\"] = 4\n","    data[\"depot\"] = 0\n","    return data\n","def print_solution(data, manager, routing, solution):\n","    \"\"\"Prints solution on console.\"\"\"\n","    print(f\"Solution time: {solution.ObjectiveValue()} minutes.\")\n","    total_distance = 0\n","    total_load = 0\n","    for vehicle_id in range(data[\"num_vehicles\"]):\n","        index = routing.Start(vehicle_id)\n","        plan_output = f\"Route for vehicle {vehicle_id}:\\n\"\n","        route_distance = 0\n","        route_load = 0\n","        while not routing.IsEnd(index):\n","            node_index = manager.IndexToNode(index)\n","            route_load += data[\"demands\"][node_index]\n","            plan_output += f\" {node_index} Remaining({route_load}) -> \"\n","            previous_index = index\n","            index = solution.Value(routing.NextVar(index))\n","            route_distance += routing.GetArcCostForVehicle(\n","                previous_index, index, vehicle_id\n","            )\n","        plan_output += f\" {manager.IndexToNode(index)} Remaining({route_load})\\n\"\n","        plan_output += f\"Time of the route: {route_distance/100} minutes\\n\"\n","        plan_output += f\"Load of the route: {route_load/100}\\n\"\n","        print(plan_output)\n","        total_distance += route_distance\n","        total_load += route_load\n","\n","\n","def main():\n","    \"\"\"Solve the CVRP problem.\"\"\"\n","    # Instantiate the data problem.\n","    data = create_data_model()\n","\n","    # Create the routing index manager.\n","    manager = pywrapcp.RoutingIndexManager(\n","        len(data[\"distance_matrix\"]), data[\"num_vehicles\"], data[\"depot\"]\n","    )\n","\n","    # Create Routing Model.\n","    routing = pywrapcp.RoutingModel(manager)\n","\n","    # Create and register a transit callback.\n","    def distance_callback(from_index, to_index):\n","        \"\"\"Returns the distance between the two nodes.\"\"\"\n","        # Convert from routing variable Index to distance matrix NodeIndex.\n","        from_node = manager.IndexToNode(from_index)\n","        to_node = manager.IndexToNode(to_index)\n","        return data[\"distance_matrix\"][from_node][to_node]\n","\n","    transit_callback_index = routing.RegisterTransitCallback(distance_callback)\n","\n","    # Define cost of each arc.\n","    routing.SetArcCostEvaluatorOfAllVehicles(transit_callback_index)\n","\n","    # Add Capacity constraint.\n","    def demand_callback(from_index):\n","        \"\"\"Returns the demand of the node.\"\"\"\n","        # Convert from routing variable Index to demands NodeIndex.\n","        from_node = manager.IndexToNode(from_index)\n","        return data[\"demands\"][from_node]\n","\n","    demand_callback_index = routing.RegisterUnaryTransitCallback(demand_callback)\n","    routing.AddDimensionWithVehicleCapacity(\n","        demand_callback_index,\n","        0,  # null capacity slack\n","        data[\"vehicle_capacities\"],  # vehicle maximum capacities\n","        True,  # start cumul to zero\n","        \"Capacity\",\n","    )\n","\n","    # Setting first solution heuristic.\n","    search_parameters = pywrapcp.DefaultRoutingSearchParameters()\n","    search_parameters.first_solution_strategy = (\n","        routing_enums_pb2.FirstSolutionStrategy.PATH_CHEAPEST_ARC\n","    )\n","    search_parameters.local_search_metaheuristic = (\n","        routing_enums_pb2.LocalSearchMetaheuristic.GUIDED_LOCAL_SEARCH\n","    )\n","    search_parameters.time_limit.FromSeconds(1)\n","\n","    # Solve the problem.\n","    solution = routing.SolveWithParameters(search_parameters)\n","\n","    # Print solution on console.\n","    if solution:\n","        print_solution(data, manager, routing, solution)\n","\n","\n","if __name__ == \"__main__\":\n","    main()"]},{"cell_type":"markdown","source":["#Large size case (21 nodes)"],"metadata":{"id":"bk5C38OWUv7c"}},{"cell_type":"code","source":["%%time\n","import psutil\n","# Your code here\n","print('RAM usage:', psutil.Process().memory_info().rss / 1024 ** 2, 'MB')\n","\"\"\"Capacited Vehicles Routing Problem (CVRP).\"\"\"\n","\n","\"\"\"Capacited Vehicles Routing Problem (CVRP).\"\"\"\n","\n","from ortools.constraint_solver import routing_enums_pb2\n","from ortools.constraint_solver import pywrapcp\n","\n","\n","def create_data_model():\n","    \"\"\"Stores the data for the problem.\"\"\"\n","    data = {}\n","    data[\"distance_matrix\"] = [\n","        # fmt: off\n","        [0,487,413,714,993,520,681,826,870,684,676,724,934,627,995,973,917,656,536,607,863],\n","        [487,0,823,748,682,986,833,619,773,690,963,837,908,849,726,890,453,494,459,736,563],\n","        [413,823,0,700,950,413,934,904,609,855,868,873,972,800,456,680,404,705,743,942,966],\n","        [714,748,700,0,811,429,771,902,407,537,776,548,659,526,977,932,724,512,637,760,955],\n","        [993,682,950,811,0,739,674,769,626,625,628,769,528,424,692,755,534,403,626,844,817],\n","        [520,986,413,429,739,0,597,472,646,535,613,875,723,502,727,995,623,656,747,507,919],\n","        [681,833,934,771,674,597,0,489,474,899,743,496,682,432,515,854,828,573,532,841,493],\n","        [826,619,904,902,769,472,489,0,898,605,814,765,819,985,618,938,774,422,860,754,451],\n","        [870,773,609,407,626,646,474,898,0,569,566,709,994,791,620,514,734,619,646,500,815],\n","        [684,690,855,537,625,535,899,605,569,0,721,848,690,403,638,571,982,779,509,729,500],\n","        [676,963,868,776,628,613,743,814,566,721,0,800,553,519,785,789,796,746,986,478,984],\n","        [724,837,873,548,769,875,496,765,709,848,800,0,417,847,750,725,824,564,970,577,839],\n","        [934,908,972,659,528,723,682,819,994,690,553,417,0,964,976,732,985,546,448,476,693],\n","        [627,849,800,526,424,502,432,985,791,403,519,847,964,0,932,608,442,898,428,810,580],\n","        [995,726,456,977,692,727,515,618,620,638,785,750,976,932,0,706,744,610,984,674,809],\n","        [973,890,680,932,755,995,854,938,514,571,789,725,732,608,706,0,625,518,945,551,438],\n","        [917,453,404,724,534,623,828,774,734,982,796,824,985,442,744,625,0,732,959,988,520],\n","        [656,494,705,512,403,656,573,422,619,779,746,564,546,898,610,518,732,0,608,688,462],\n","        [536,459,743,637,626,747,532,860,646,509,986,970,448,428,984,945,959,608,0,973,723],\n","        [607,736,942,760,844,507,841,754,500,729,478,577,476,810,674,551,988,688,973,0,555],\n","        [863,563,966,955,817,919,493,451,815,500,984,839,693,580,809,438,520,462,723,555,0],\n","        # fmt: on\n","    ]\n","\n","    data[\"demands\"] = [0, 1, 1, 2, 4, 2, 4, 8, 8, 1, 2, 1, 2, 4, 4, 8, 8,7,6,5,8,8,7,6,5,8]\n","    data[\"vehicle_capacities\"] = [15, 15, 15, 15,15,15,15,15,15,15]\n","    data[\"num_vehicles\"] = 10\n","    data[\"depot\"] = 0\n","    return data\n","\n","def main():\n","    \"\"\"Solve the CVRP problem.\"\"\"\n","    # Instantiate the data problem.\n","    data = create_data_model()\n","\n","    # Create the routing index manager.\n","    manager = pywrapcp.RoutingIndexManager(\n","        len(data[\"distance_matrix\"]), data[\"num_vehicles\"], data[\"depot\"]\n","    )\n","\n","    # Create Routing Model.\n","    routing = pywrapcp.RoutingModel(manager)\n","\n","    # Create and register a transit callback.\n","    def distance_callback(from_index, to_index):\n","        \"\"\"Returns the distance between the two nodes.\"\"\"\n","        # Convert from routing variable Index to distance matrix NodeIndex.\n","        from_node = manager.IndexToNode(from_index)\n","        to_node = manager.IndexToNode(to_index)\n","        return data[\"distance_matrix\"][from_node][to_node]\n","\n","    transit_callback_index = routing.RegisterTransitCallback(distance_callback)\n","\n","    # Define cost of each arc.\n","    routing.SetArcCostEvaluatorOfAllVehicles(transit_callback_index)\n","\n","    # Add Capacity constraint.\n","    def demand_callback(from_index):\n","        \"\"\"Returns the demand of the node.\"\"\"\n","        # Convert from routing variable Index to demands NodeIndex.\n","        from_node = manager.IndexToNode(from_index)\n","        return data[\"demands\"][from_node]\n","\n","    demand_callback_index = routing.RegisterUnaryTransitCallback(demand_callback)\n","    routing.AddDimensionWithVehicleCapacity(\n","        demand_callback_index,\n","        0,  # null capacity slack\n","        data[\"vehicle_capacities\"],  # vehicle maximum capacities\n","        True,  # start cumul to zero\n","        \"Capacity\",\n","    )\n","\n","    # Setting first solution heuristic.\n","    search_parameters = pywrapcp.DefaultRoutingSearchParameters()\n","    search_parameters.first_solution_strategy = (\n","        routing_enums_pb2.FirstSolutionStrategy.PATH_CHEAPEST_ARC\n","    )\n","    search_parameters.local_search_metaheuristic = (\n","        routing_enums_pb2.LocalSearchMetaheuristic.GUIDED_LOCAL_SEARCH\n","    )\n","    search_parameters.time_limit.FromSeconds(1)\n","\n","    # Solve the problem.\n","    solution = routing.SolveWithParameters(search_parameters)\n","\n","    # Print solution on console.\n","    if solution:\n","        print_solution(data, manager, routing, solution)\n","\n","\n","if __name__ == \"__main__\":\n","    main()"],"metadata":{"colab":{"base_uri":"https://localhost:8080/"},"id":"g2F1WMyuaG37","executionInfo":{"status":"ok","timestamp":1726204808886,"user_tz":360,"elapsed":1044,"user":{"displayName":"Asgard Andrés Mendoza Flores","userId":"03117066086340907367"}},"outputId":"fd062f9e-bfb9-41eb-8720-c107e1ec7384"},"execution_count":5,"outputs":[{"output_type":"stream","name":"stdout","text":["RAM usage: 124.87109375 MB\n","Solution time: 14513 minutes.\n","Route for vehicle 0:\n"," 0 Remaining(0) ->  17 Remaining(7) ->  20 Remaining(15) ->  0 Remaining(15)\n","Time of the route: 19.81 minutes\n","Load of the route: 0.15\n","\n","Route for vehicle 1:\n"," 0 Remaining(0) ->  10 Remaining(2) ->  4 Remaining(6) ->  12 Remaining(8) ->  18 Remaining(14) ->  0 Remaining(14)\n","Time of the route: 28.16 minutes\n","Load of the route: 0.14\n","\n","Route for vehicle 2:\n"," 0 Remaining(0) ->  2 Remaining(1) ->  14 Remaining(5) ->  7 Remaining(13) ->  5 Remaining(15) ->  0 Remaining(15)\n","Time of the route: 24.79 minutes\n","Load of the route: 0.15\n","\n","Route for vehicle 3:\n"," 0 Remaining(0) ->  11 Remaining(1) ->  6 Remaining(5) ->  8 Remaining(13) ->  3 Remaining(15) ->  0 Remaining(15)\n","Time of the route: 28.15 minutes\n","Load of the route: 0.15\n","\n","Route for vehicle 4:\n"," 0 Remaining(0) ->  0 Remaining(0)\n","Time of the route: 0.0 minutes\n","Load of the route: 0.0\n","\n","Route for vehicle 5:\n"," 0 Remaining(0) ->  1 Remaining(1) ->  16 Remaining(9) ->  13 Remaining(13) ->  0 Remaining(13)\n","Time of the route: 20.09 minutes\n","Load of the route: 0.13\n","\n","Route for vehicle 6:\n"," 0 Remaining(0) ->  19 Remaining(5) ->  15 Remaining(13) ->  9 Remaining(14) ->  0 Remaining(14)\n","Time of the route: 24.13 minutes\n","Load of the route: 0.14\n","\n","Route for vehicle 7:\n"," 0 Remaining(0) ->  0 Remaining(0)\n","Time of the route: 0.0 minutes\n","Load of the route: 0.0\n","\n","Route for vehicle 8:\n"," 0 Remaining(0) ->  0 Remaining(0)\n","Time of the route: 0.0 minutes\n","Load of the route: 0.0\n","\n","Route for vehicle 9:\n"," 0 Remaining(0) ->  0 Remaining(0)\n","Time of the route: 0.0 minutes\n","Load of the route: 0.0\n","\n","CPU times: user 997 ms, sys: 2.92 ms, total: 1e+03 ms\n","Wall time: 1 s\n"]}]},{"cell_type":"markdown","source":["#Maximum size case (26 nodes)"],"metadata":{"id":"Z7VPnM-gU6c1"}},{"cell_type":"code","source":["%%time\n","import psutil\n","# Your code here\n","print('RAM usage:', psutil.Process().memory_info().rss / 1024 ** 2, 'MB')\n","\"\"\"Capacited Vehicles Routing Problem (CVRP).\"\"\"\n","\n","\"\"\"Capacited Vehicles Routing Problem (CVRP).\"\"\"\n","\n","from ortools.constraint_solver import routing_enums_pb2\n","from ortools.constraint_solver import pywrapcp\n","\n","\n","def create_data_model():\n","    \"\"\"Stores the data for the problem.\"\"\"\n","    data = {}\n","    data[\"distance_matrix\"] = [\n","        # fmt: off\n","        [0,592,759,409,677,999,470,872,796,714,886,951,487,574,937,472,411,642,803,199,525,960,600,338,510,222],\n","        [592,0,848,499,577,547,823,688,665,944,943,644,551,910,859,583,125,697,766,248,745,917,535,601,199,483],\n","        [759,848,0,453,950,888,673,735,788,442,842,943,657,721,457,691,968,592,330,566,758,103,311,800,706,421],\n","        [409,499,453,0,798,965,484,603,724,447,531,580,543,627,773,960,305,186,480,899,342,284,429,206,298,112],\n","        [677,577,950,798,0,597,656,692,787,954,768,601,783,912,770,955,334,696,283,937,653,679,719,187,552,881],\n","        [999,547,888,965,597,0,523,994,548,609,962,811,441,458,436,486,283,771,670,352,894,489,512,827,756,630],\n","        [470,823,673,484,656,523,0,675,574,954,771,584,844,888,989,686,582,715,429,667,218,703,525,663,140,241],\n","        [872,688,735,603,692,994,675,0,810,850,648,580,723,660,539,998,477,863,417,931,624,818,396,817,688,731],\n","        [796,665,788,724,787,548,574,810,0,995,628,907,521,726,869,687,279,879,778,431,947,587,688,747,562,177],\n","        [714,944,442,447,954,609,954,850,995,0,749,529,616,781,424,467,788,123,213,601,670,745,655,545,887,501],\n","        [886,943,842,531,768,962,771,648,628,749,0,707,574,548,941,979,825,742,534,882,416,614,210,471,876,235],\n","        [951,644,943,580,601,811,584,580,907,529,707,0,488,433,632,436,275,715,177,793,298,865,286,342,664,409],\n","        [487,551,657,543,783,441,844,723,521,616,574,488,0,747,568,576,644,842,773,637,418,999,568,999,244,509],\n","        [574,910,721,627,912,458,888,660,726,781,548,433,747,0,956,722,201,444,888,689,236,331,518,299,823,640],\n","        [937,859,457,773,770,436,989,539,869,424,941,632,568,956,0,729,542,775,873,450,699,732,185,719,365,467],\n","        [472,583,691,960,955,486,686,998,687,467,979,436,576,722,729,0,303,825,999,699,164,400,468,696,795,703],\n","        [411,125,968,305,334,283,582,477,279,788,825,275,644,201,542,303,0,256,658,144,477,501,282,677,336,675],\n","        [642,697,592,186,696,771,715,863,879,123,742,715,842,444,775,825,256,0,724,857,392,749,470,615,412,489],\n","        [803,766,330,480,283,670,429,417,778,213,534,177,773,888,873,999,658,724,0,683,218,573,654,710,784,287],\n","        [199,248,566,899,937,352,667,931,431,601,882,793,637,689,450,699,144,857,683,0,325,914,534,444,357,599],\n","        [525,745,758,342,653,894,218,624,947,670,416,298,418,236,699,164,477,392,218,325,0,702,176,373,697,490],\n","        [960,917,103,284,679,489,703,818,587,745,614,865,999,331,732,400,501,749,573,914,702,0,220,283,421,553],\n","        [600,535,311,429,719,512,525,396,688,655,210,286,568,518,185,468,282,470,654,534,176,220,0,159,319,267],\n","        [338,601,800,206,187,827,663,817,747,545,471,342,999,299,719,696,677,615,710,444,373,283,159,0,246,690],\n","        [510,199,706,298,552,756,140,688,562,887,876,664,244,823,365,795,336,412,784,357,697,421,319,246,0,126],\n","        [222,483,421,112,881,630,241,731,177,501,235,409,509,640,467,703,675,489,287,599,490,553,267,690,126,0],\n","        # fmt: on\n","    ]\n","\n","    data[\"demands\"] = [ 0, 4, 8, 8, 1, 2, 1, 2, 4, 4, 8, 1, 1, 2, 4, 2, 4, 8, 8, 1, 2, 1, 2, 4, 4, 8]\n","    data[\"vehicle_capacities\"] = [15,15,15,15,15,15,15,15]\n","    data[\"num_vehicles\"] = 8\n","    data[\"depot\"] = 0\n","    return data\n","\n","def main():\n","    \"\"\"Solve the CVRP problem.\"\"\"\n","    # Instantiate the data problem.\n","    data = create_data_model()\n","\n","    # Create the routing index manager.\n","    manager = pywrapcp.RoutingIndexManager(\n","        len(data[\"distance_matrix\"]), data[\"num_vehicles\"], data[\"depot\"]\n","    )\n","\n","    # Create Routing Model.\n","    routing = pywrapcp.RoutingModel(manager)\n","\n","    # Create and register a transit callback.\n","    def distance_callback(from_index, to_index):\n","        \"\"\"Returns the distance between the two nodes.\"\"\"\n","        # Convert from routing variable Index to distance matrix NodeIndex.\n","        from_node = manager.IndexToNode(from_index)\n","        to_node = manager.IndexToNode(to_index)\n","        return data[\"distance_matrix\"][from_node][to_node]\n","\n","    transit_callback_index = routing.RegisterTransitCallback(distance_callback)\n","\n","    # Define cost of each arc.\n","    routing.SetArcCostEvaluatorOfAllVehicles(transit_callback_index)\n","\n","    # Add Capacity constraint.\n","    def demand_callback(from_index):\n","        \"\"\"Returns the demand of the node.\"\"\"\n","        # Convert from routing variable Index to demands NodeIndex.\n","        from_node = manager.IndexToNode(from_index)\n","        return data[\"demands\"][from_node]\n","\n","    demand_callback_index = routing.RegisterUnaryTransitCallback(demand_callback)\n","    routing.AddDimensionWithVehicleCapacity(\n","        demand_callback_index,\n","        0,  # null capacity slack\n","        data[\"vehicle_capacities\"],  # vehicle maximum capacities\n","        True,  # start cumul to zero\n","        \"Capacity\",\n","    )\n","\n","    # Setting first solution heuristic.\n","    search_parameters = pywrapcp.DefaultRoutingSearchParameters()\n","    search_parameters.first_solution_strategy = (\n","        routing_enums_pb2.FirstSolutionStrategy.PATH_CHEAPEST_ARC\n","    )\n","    search_parameters.local_search_metaheuristic = (\n","        routing_enums_pb2.LocalSearchMetaheuristic.GUIDED_LOCAL_SEARCH\n","    )\n","    search_parameters.time_limit.FromSeconds(1)\n","\n","    # Solve the problem.\n","    solution = routing.SolveWithParameters(search_parameters)\n","\n","    # Print solution on console.\n","\n","    if solution:\n","        print_solution(data, manager, routing, solution)\n","\n","\n","if __name__ == \"__main__\":\n","    main()"],"metadata":{"colab":{"base_uri":"https://localhost:8080/"},"id":"9ijyaBCftWqT","executionInfo":{"status":"ok","timestamp":1726205079449,"user_tz":360,"elapsed":1186,"user":{"displayName":"Asgard Andrés Mendoza Flores","userId":"03117066086340907367"}},"outputId":"29248ef1-619b-47d6-a96d-a661b07e19c8"},"execution_count":4,"outputs":[{"output_type":"stream","name":"stdout","text":["RAM usage: 119.30078125 MB\n","Solution time: 12216 minutes.\n","Route for vehicle 0:\n"," 0 Remaining(0) ->  15 Remaining(2) ->  20 Remaining(4) ->  10 Remaining(12) ->  22 Remaining(14) ->  0 Remaining(14)\n","Time of the route: 18.62 minutes\n","Load of the route: 0.14\n","\n","Route for vehicle 1:\n"," 0 Remaining(0) ->  23 Remaining(4) ->  4 Remaining(5) ->  18 Remaining(13) ->  11 Remaining(14) ->  12 Remaining(15) ->  0 Remaining(15)\n","Time of the route: 19.6 minutes\n","Load of the route: 0.15\n","\n","Route for vehicle 2:\n"," 0 Remaining(0) ->  16 Remaining(4) ->  13 Remaining(6) ->  21 Remaining(7) ->  2 Remaining(15) ->  0 Remaining(15)\n","Time of the route: 18.05 minutes\n","Load of the route: 0.15\n","\n","Route for vehicle 3:\n"," 0 Remaining(0) ->  1 Remaining(4) ->  7 Remaining(6) ->  14 Remaining(10) ->  24 Remaining(14) ->  6 Remaining(15) ->  0 Remaining(15)\n","Time of the route: 27.94 minutes\n","Load of the route: 0.15\n","\n","Route for vehicle 4:\n"," 0 Remaining(0) ->  9 Remaining(4) ->  17 Remaining(12) ->  0 Remaining(12)\n","Time of the route: 14.79 minutes\n","Load of the route: 0.12\n","\n","Route for vehicle 5:\n"," 0 Remaining(0) ->  19 Remaining(1) ->  5 Remaining(3) ->  8 Remaining(7) ->  25 Remaining(15) ->  0 Remaining(15)\n","Time of the route: 14.98 minutes\n","Load of the route: 0.15\n","\n","Route for vehicle 6:\n"," 0 Remaining(0) ->  3 Remaining(8) ->  0 Remaining(8)\n","Time of the route: 8.18 minutes\n","Load of the route: 0.08\n","\n","Route for vehicle 7:\n"," 0 Remaining(0) ->  0 Remaining(0)\n","Time of the route: 0.0 minutes\n","Load of the route: 0.0\n","\n","CPU times: user 1 s, sys: 877 µs, total: 1 s\n","Wall time: 1 s\n"]}]},{"cell_type":"code","source":[],"metadata":{"id":"pgBG7dS21d5U"},"execution_count":null,"outputs":[]}]}